fresh
1012
1062
1068
1094
1103
1189
1202
1285
1325
1480
1535
1561
1644
1912
2042
2178
2309
2468
2529
2559
2565
2583
2748
2792
2852
2910
3190
3197
3273
3474
4179
4659
4949
6236
7795
9934
10709
10942
11655
12100
12865
12869
13244
14002
14003
14391
14500
14627
14729
14867
15662
15683
15684
15685
15926
16234
16637
17070
17071
17136
17298
17406
17471
17822
17825
17837
2618
1315
17258
1514
17623
17297
1280
3653
2042
11658
1486
16118
1219
1613
1238
17612
4485
5373
14868
15972
17616
17611
9370

failed

solved
4179
9996
11053
5557
1781
13913
4811
11723
15353
10988
1629
3015
2170
14890
2293
19942
1269
14405
2234
12852
4375
2636
2589
2979
14502
1987
2870
15989
14863
1213
5430
2776
1436
9935
1940
1620
1992
2240
3687
2294
10808
3986
13144
1911
5419
14888
14469
1931
2342
16434
2302
9012
14889
1344
14497
17144
2098
1700
2828
4781
12851
17143
2632
2670
15686
1072
2343
14620
2109
1159
9375
16235
1509
1450
1513
